PageRanks resultantes 
A = 0.7483978271
B = 0.7483978271
C = 0.7483978271
D = 0.5577273369
E = 0.2795454562
F = 0.2795454562
G = 0.5590909123
H = 0.8386363983
I = 1.118181944
J = 0.8759092093
K = 1.194091082
Desarrollado por:
Joan A. Carballo Badilla
Sergio I. Vargas Ure¤a