Generado:  12-11-2016 09:15:37

PageRanks resultantes: 
A = 0.2364649773
B = 0.3431818485
C = 0.3431818485
D = 0.2034469843
E = 0.1886363626
F = 0.1886363626
G = 0.09090909362
H = 0.09090909362
I = 0.09090909362
J = 0.09090909362
K = 0.09090909362


Desarrollado por:
Joan A. Carballo Badilla
Sergio I. Vargas Urena